					Neighbor Detail
	~~~~~~~~~~~~~~~~~~~~~~~~~~~~~~~~~~~~~~~~~~~~~~~~~~~~~~~~~~~~~~~~~~~~~~~~~~~~~~~~~~~~~~~~~~~~
	Source		Neighbor		X-Pos		Y-Pos		Distance(d)
	~~~~~~~~~~~~~~~~~~~~~~~~~~~~~~~~~~~~~~~~~~~~~~~~~~~~~~~~~~~~~~~~~~~~~~~~~~~~~~~~~~~~~~~~~~~~~
	0		1			649		583		115
	0		2			649		583		134
	0		3			649		583		174
	0		4			649		583		316
	0		5			649		583		334
	0		6			649		583		470
	0		7			649		583		316
	0		8			649		583		415
	0		9			649		583		422
	0		10			649		583		534
	0		11			649		583		474
	0		12			649		583		162
	0		13			649		583		256
	0		14			649		583		240
	0		15			649		583		578
	0		16			649		583		590
	0		17			649		583		300
	0		18			649		583		409
	0		19			649		583		539
	0		20			649		583		406
	0		21			649		583		394
	0		22			649		583		280
	0		23			649		583		617
	0		24			649		583		325
	0		25			649		583		215
	0		26			649		583		220
	0		27			649		583		247
	0		28			649		583		423
	0		29			649		583		560
	0		30			649		583		493
	0		31			649		583		444
	0		32			649		583		385
	0		33			649		583		134
	0		34			649		583		356
	0		35			649		583		264
	0		36			649		583		358
	0		37			649		583		479
	0		38			649		583		514
	0		39			649		583		589
	0		40			649		583		654
	0		41			649		583		180
	1		0			566		663		115
	1		2			566		663		240
	1		3			566		663		213
	1		4			566		663		228
	1		5			566		663		352
	1		6			566		663		481
	1		7			566		663		410
	1		8			566		663		349
	1		9			566		663		501
	1		10			566		663		606
	1		11			566		663		454
	1		12			566		663		130
	1		13			566		663		323
	1		14			566		663		130
	1		15			566		663		612
	1		16			566		663		604
	1		17			566		663		267
	1		18			566		663		458
	1		19			566		663		592
	1		20			566		663		520
	1		21			566		663		385
	1		22			566		663		344
	1		23			566		663		703
	1		24			566		663		319
	1		25			566		663		168
	1		26			566		663		327
	1		27			566		663		361
	1		28			566		663		524
	1		29			566		663		664
	1		30			566		663		380
	1		31			566		663		332
	1		32			566		663		289
	1		33			566		663		191
	1		34			566		663		293
	1		35			566		663		162
	1		36			566		663		243
	1		37			566		663		387
	1		38			566		663		467
	1		39			566		663		577
	1		40			566		663		704
	1		41			566		663		260
	2		0			781		555		134
	2		1			781		555		240
	2		3			781		555		147
	2		4			781		555		392
	2		5			781		555		288
	2		6			781		555		419
	2		7			781		555		184
	2		8			781		555		458
	2		9			781		555		298
	2		10			781		555		414
	2		11			781		555		457
	2		12			781		555		221
	2		13			781		555		159
	2		14			781		555		349
	2		15			781		555		495
	2		16			781		555		528
	2		17			781		555		320
	2		18			781		555		318
	2		19			781		555		437
	2		20			781		555		285
	2		21			781		555		374
	2		22			781		555		326
	2		23			781		555		486
	2		24			781		555		430
	2		25			781		555		346
	2		26			781		555		187
	2		27			781		555		132
	2		28			781		555		288
	2		29			781		555		426
	2		30			781		555		599
	2		31			781		555		573
	2		32			781		555		520
	2		33			781		555		223
	2		34			781		555		487
	2		35			781		555		397
	2		36			781		555		473
	2		37			781		555		550
	2		38			781		555		528
	2		39			781		555		556
	2		40			781		555		552
	2		41			781		555		84
	3		0			776		702		174
	3		1			776		702		213
	3		2			776		702		147
	3		4			776		702		273
	3		5			776		702		161
	3		6			776		702		297
	3		7			776		702		231
	3		8			776		702		316
	3		9			776		702		297
	3		10			776		702		396
	3		11			776		702		315
	3		12			776		702		117
	3		13			776		702		116
	3		14			776		702		271
	3		15			776		702		407
	3		16			776		702		416
	3		17			776		702		175
	3		18			776		702		245
	3		19			776		702		379
	3		20			776		702		402
	3		21			776		702		233
	3		22			776		702		442
	3		23			776		702		502
	3		24			776		702		497
	3		25			776		702		370
	3		26			776		702		330
	3		27			776		702		268
	3		28			776		702		353
	3		29			776		702		494
	3		30			776		702		499
	3		31			776		702		518
	3		32			776		702		498
	3		33			776		702		306
	3		34			776		702		504
	3		35			776		702		371
	3		36			776		702		393
	3		37			776		702		420
	3		38			776		702		381
	3		39			776		702		423
	3		40			776		702		492
	3		41			776		702		88
	4		0			578		891		316
	4		1			578		891		228
	4		2			578		891		392
	4		3			578		891		273
	4		5			578		891		307
	4		6			578		891		390
	4		7			578		891		504
	4		8			578		891		137
	4		9			578		891		549
	4		10			578		891		625
	4		11			578		891		308
	4		12			578		891		170
	4		13			578		891		379
	4		14			578		891		123
	4		15			578		891		548
	4		16			578		891		503
	4		17			578		891		156
	4		18			578		891		447
	4		19			578		891		570
	4		20			578		891		671
	4		21			578		891		273
	4		22			578		891		572
	4		23			578		891		751
	4		24			578		891		525
	4		25			578		891		363
	4		26			578		891		535
	4		27			578		891		524
	4		28			578		891		626
	4		29			578		891		765
	4		30			578		891		233
	4		31			578		891		317
	4		32			578		891		361
	4		33			578		891		419
	4		34			578		891		442
	4		35			578		891		269
	4		36			578		891		169
	4		37			578		891		162
	4		38			578		891		272
	4		39			578		891		431
	4		40			578		891		665
	4		41			578		891		360
	5		0			879		826		334
	5		1			879		826		352
	5		2			879		826		288
	5		3			879		826		161
	5		4			879		826		307
	5		6			879		826		136
	5		7			879		826		271
	5		8			879		826		275
	5		9			879		826		263
	5		10			879		826		321
	5		11			879		826		179
	5		12			879		826		226
	5		13			879		826		153
	5		14			879		826		364
	5		15			879		826		261
	5		16			879		826		256
	5		17			879		826		153
	5		18			879		826		140
	5		19			879		826		264
	5		20			879		826		478
	5		21			879		826		101
	5		22			879		826		601
	5		23			879		826		453
	5		24			879		826		655
	5		25			879		826		519
	5		26			879		826		475
	5		27			879		826		381
	5		28			879		826		378
	5		29			879		826		503
	5		30			879		826		538
	5		31			879		826		609
	5		32			879		826		616
	5		33			879		826		467
	5		34			879		826		645
	5		35			879		826		494
	5		36			879		826		466
	5		37			879		826		407
	5		38			879		826		278
	5		39			879		826		268
	5		40			879		826		365
	5		41			879		826		205
	6		0			966		931		470
	6		1			966		931		481
	6		2			966		931		419
	6		3			966		931		297
	6		4			966		931		390
	6		5			966		931		136
	6		7			966		931		363
	6		8			966		931		309
	6		9			966		931		307
	6		10			966		931		314
	6		11			966		931		125
	6		12			966		931		352
	6		13			966		931		269
	6		14			966		931		472
	6		15			966		931		161
	6		16			966		931		123
	6		17			966		931		240
	6		18			966		931		161
	6		19			966		931		218
	6		20			966		931		571
	6		21			966		931		116
	6		22			966		931		737
	6		23			966		931		454
	6		24			966		931		789
	6		25			966		931		649
	6		26			966		931		605
	6		27			966		931		498
	6		28			966		931		446
	6		29			966		931		548
	6		30			966		931		603
	6		31			966		931		705
	6		32			966		931		729
	6		33			966		931		604
	6		34			966		931		771
	6		35			966		931		612
	6		36			966		931		558
	6		37			966		931		443
	6		38			966		931		246
	6		39			966		931		149
	6		40			966		931		286
	6		41			966		931		334
	7		0			965		568		316
	7		1			965		568		410
	7		2			965		568		184
	7		3			965		568		231
	7		4			965		568		504
	7		5			965		568		271
	7		6			965		568		363
	7		8			965		568		524
	7		9			965		568		125
	7		10			965		568		242
	7		11			965		568		448
	7		12			965		568		346
	7		13			965		568		129
	7		14			965		568		497
	7		15			965		568		378
	7		16			965		568		441
	7		17			965		568		382
	7		18			965		568		212
	7		19			965		568		293
	7		20			965		568		209
	7		21			965		568		373
	7		22			965		568		479
	7		23			965		568		301
	7		24			965		568		610
	7		25			965		568		530
	7		26			965		568		308
	7		27			965		568		165
	7		28			965		568		122
	7		29			965		568		262
	7		30			965		568		731
	7		31			965		568		737
	7		32			965		568		697
	7		33			965		568		403
	7		34			965		568		671
	7		35			965		568		572
	7		36			965		568		621
	7		37			965		568		643
	7		38			965		568		549
	7		39			965		568		512
	7		40			965		568		401
	7		41			965		568		153
	8		0			664		998		415
	8		1			664		998		349
	8		2			664		998		458
	8		3			664		998		316
	8		4			664		998		137
	8		5			664		998		275
	8		6			664		998		309
	8		7			664		998		524
	8		9			664		998		538
	8		10			664		998		592
	8		11			664		998		201
	8		12			664		998		253
	8		13			664		998		395
	8		14			664		998		259
	8		15			664		998		470
	8		16			664		998		406
	8		17			664		998		143
	8		18			664		998		411
	8		19			664		998		516
	8		20			664		998		716
	8		21			664		998		200
	8		22			664		998		687
	8		23			664		998		727
	8		24			664		998		658
	8		25			664		998		496
	8		26			664		998		624
	8		27			664		998		584
	8		28			664		998		642
	8		29			664		998		773
	8		30			664		998		299
	8		31			664		998		434
	8		32			664		998		494
	8		33			664		998		533
	8		34			664		998		579
	8		35			664		998		406
	8		36			664		998		289
	8		37			664		998		135
	8		38			664		998		137
	8		39			664		998		312
	8		40			664		998		595
	8		41			664		998		403
	9		0			1067		641		422
	9		1			1067		641		501
	9		2			1067		641		298
	9		3			1067		641		297
	9		4			1067		641		549
	9		5			1067		641		263
	9		6			1067		641		307
	9		7			1067		641		125
	9		8			1067		641		538
	9		10			1067		641		117
	9		11			1067		641		416
	9		12			1067		641		413
	9		13			1067		641		180
	9		14			1067		641		568
	9		15			1067		641		276
	9		16			1067		641		356
	9		17			1067		641		406
	9		18			1067		641		146
	9		19			1067		641		177
	9		20			1067		641		291
	9		21			1067		641		355
	9		22			1067		641		604
	9		23			1067		641		205
	9		24			1067		641		729
	9		25			1067		641		637
	9		26			1067		641		433
	9		27			1067		641		289
	9		28			1067		641		146
	9		29			1067		641		244
	9		30			1067		641		782
	9		31			1067		641		815
	9		32			1067		641		790
	9		33			1067		641		522
	9		34			1067		641		778
	9		35			1067		641		663
	9		36			1067		641		687
	9		37			1067		641		668
	9		38			1067		641		531
	9		39			1067		641		450
	9		40			1067		641		279
	9		41			1067		641		243
	10		0			1172		694		534
	10		1			1172		694		606
	10		2			1172		694		414
	10		3			1172		694		396
	10		4			1172		694		625
	10		5			1172		694		321
	10		6			1172		694		314
	10		7			1172		694		242
	10		8			1172		694		592
	10		9			1172		694		117
	10		11			1172		694		437
	10		12			1172		694		507
	10		13			1172		694		283
	10		14			1172		694		661
	10		15			1172		694		221
	10		16			1172		694		319
	10		17			1172		694		473
	10		18			1172		694		181
	10		19			1172		694		112
	10		20			1172		694		380
	10		21			1172		694		395
	10		22			1172		694		722
	10		23			1172		694		140
	10		24			1172		694		845
	10		25			1172		694		749
	10		26			1172		694		549
	10		27			1172		694		403
	10		28			1172		694		226
	10		29			1172		694		265
	10		30			1172		694		858
	10		31			1172		694		910
	10		32			1172		694		894
	10		33			1172		694		638
	10		34			1172		694		889
	10		35			1172		694		767
	10		36			1172		694		775
	10		37			1172		694		726
	10		38			1172		694		557
	10		39			1172		694		437
	10		40			1172		694		178
	10		41			1172		694		354
	11		0			865		1005		474
	11		1			865		1005		454
	11		2			865		1005		457
	11		3			865		1005		315
	11		4			865		1005		308
	11		5			865		1005		179
	11		6			865		1005		125
	11		7			865		1005		448
	11		8			865		1005		201
	11		9			865		1005		416
	11		10			865		1005		437
	11		12			865		1005		326
	11		13			865		1005		332
	11		14			865		1005		412
	11		15			865		1005		277
	11		16			865		1005		205
	11		17			865		1005		187
	11		18			865		1005		271
	11		19			865		1005		343
	11		20			865		1005		656
	11		21			865		1005		83
	11		22			865		1005		752
	11		23			865		1005		577
	11		24			865		1005		773
	11		25			865		1005		620
	11		26			865		1005		644
	11		27			865		1005		560
	11		28			865		1005		547
	11		29			865		1005		660
	11		30			865		1005		500
	11		31			865		1005		624
	11		32			865		1005		666
	11		33			865		1005		607
	11		34			865		1005		728
	11		35			865		1005		560
	11		36			865		1005		476
	11		37			865		1005		329
	11		38			865		1005		121
	11		39			865		1005		125
	11		40			865		1005		405
	11		41			865		1005		379
	12		0			667		745		162
	12		1			667		745		130
	12		2			667		745		221
	12		3			667		745		117
	12		4			667		745		170
	12		5			667		745		226
	12		6			667		745		352
	12		7			667		745		346
	12		8			667		745		253
	12		9			667		745		413
	12		10			667		745		507
	12		11			667		745		326
	12		13			667		745		233
	12		14			667		745		154
	12		15			667		745		488
	12		16			667		745		475
	12		17			667		745		143
	12		18			667		745		344
	12		19			667		745		478
	12		20			667		745		501
	12		21			667		745		255
	12		22			667		745		440
	12		23			667		745		618
	12		24			667		745		446
	12		25			667		745		298
	12		26			667		745		373
	12		27			667		745		353
	12		28			667		745		468
	12		29			667		745		609
	12		30			667		745		386
	12		31			667		745		403
	12		32			667		745		393
	12		33			667		745		288
	12		34			667		745		419
	12		35			667		745		268
	12		36			667		745		276
	12		37			667		745		330
	12		38			667		745		353
	12		39			667		745		449
	12		40			667		745		586
	12		41			667		745		195
	13		0			889		673		256
	13		1			889		673		323
	13		2			889		673		159
	13		3			889		673		116
	13		4			889		673		379
	13		5			889		673		153
	13		6			889		673		269
	13		7			889		673		129
	13		8			889		673		395
	13		9			889		673		180
	13		10			889		673		283
	13		11			889		673		332
	13		12			889		673		233
	13		14			889		673		388
	13		15			889		673		335
	13		16			889		673		371
	13		17			889		673		252
	13		18			889		673		158
	13		19			889		673		283
	13		20			889		673		328
	13		21			889		673		253
	13		22			889		673		486
	13		23			889		673		386
	13		24			889		673		577
	13		25			889		673		468
	13		26			889		673		339
	13		27			889		673		230
	13		28			889		673		248
	13		29			889		673		385
	13		30			889		673		610
	13		31			889		673		635
	13		32			889		673		611
	13		33			889		673		374
	13		34			889		673		607
	13		35			889		673		484
	13		36			889		673		508
	13		37			889		673		514
	13		38			889		673		426
	13		39			889		673		414
	13		40			889		673		399
	13		41			889		673		79
	14		0			517		784		240
	14		1			517		784		130
	14		2			517		784		349
	14		3			517		784		271
	14		4			517		784		123
	14		5			517		784		364
	14		6			517		784		472
	14		7			517		784		497
	14		8			517		784		259
	14		9			517		784		568
	14		10			517		784		661
	14		11			517		784		412
	14		12			517		784		154
	14		13			517		784		388
	14		15			517		784		622
	14		16			517		784		592
	14		17			517		784		233
	14		18			517		784		493
	14		19			517		784		625
	14		20			517		784		634
	14		21			517		784		360
	14		22			517		784		466
	14		23			517		784		773
	14		24			517		784		404
	14		25			517		784		241
	14		26			517		784		457
	14		27			517		784		478
	14		28			517		784		617
	14		29			517		784		759
	14		30			517		784		252
	14		31			517		784		248
	14		32			517		784		257
	14		33			517		784		316
	14		34			517		784		321
	14		35			517		784		149
	14		36			517		784		124
	14		37			517		784		265
	14		38			517		784		392
	14		39			517		784		537
	14		40			517		784		729
	14		41			517		784		344
	15		0			1126		911		578
	15		1			1126		911		612
	15		2			1126		911		495
	15		3			1126		911		407
	15		4			1126		911		548
	15		5			1126		911		261
	15		6			1126		911		161
	15		7			1126		911		378
	15		8			1126		911		470
	15		9			1126		911		276
	15		10			1126		911		221
	15		11			1126		911		277
	15		12			1126		911		488
	15		13			1126		911		335
	15		14			1126		911		622
	15		16			1126		911		102
	15		17			1126		911		394
	15		18			1126		911		177
	15		19			1126		911		110
	15		20			1126		911		567
	15		21			1126		911		276
	15		22			1126		911		822
	15		23			1126		911		351
	15		24			1126		911		903
	15		25			1126		911		776
	15		26			1126		911		669
	15		27			1126		911		539
	15		28			1126		911		420
	15		29			1126		911		485
	15		30			1126		911		764
	15		31			1126		911		861
	15		32			1126		911		876
	15		33			1126		911		706
	15		34			1126		911		906
	15		35			1126		911		755
	15		36			1126		911		715
	15		37			1126		911		603
	15		38			1126		911		393
	15		39			1126		911		232
	15		40			1126		911		128
	15		41			1126		911		413
	16		0			1070		997		590
	16		1			1070		997		604
	16		2			1070		997		528
	16		3			1070		997		416
	16		4			1070		997		503
	16		5			1070		997		256
	16		6			1070		997		123
	16		7			1070		997		441
	16		8			1070		997		406
	16		9			1070		997		356
	16		10			1070		997		319
	16		11			1070		997		205
	16		12			1070		997		475
	16		13			1070		997		371
	16		14			1070		997		592
	16		15			1070		997		102
	16		17			1070		997		359
	16		18			1070		997		229
	16		19			1070		997		207
	16		20			1070		997		642
	16		21			1070		997		232
	16		22			1070		997		851
	16		23			1070		997		452
	16		24			1070		997		911
	16		25			1070		997		772
	16		26			1070		997		710
	16		27			1070		997		592
	16		28			1070		997		502
	16		29			1070		997		580
	16		30			1070		997		705
	16		31			1070		997		820
	16		32			1070		997		849
	16		33			1070		997		722
	16		34			1070		997		894
	16		35			1070		997		734
	16		36			1070		997		672
	16		37			1070		997		534
	16		38			1070		997		310
	16		39			1070		997		133
	16		40			1070		997		221
	16		41			1070		997		443
	17		0			733		872		300
	17		1			733		872		267
	17		2			733		872		320
	17		3			733		872		175
	17		4			733		872		156
	17		5			733		872		153
	17		6			733		872		240
	17		7			733		872		382
	17		8			733		872		143
	17		9			733		872		406
	17		10			733		872		473
	17		11			733		872		187
	17		12			733		872		143
	17		13			733		872		252
	17		14			733		872		233
	17		15			733		872		394
	17		16			733		872		359
	17		18			733		872		293
	17		19			733		872		414
	17		20			733		872		572
	17		21			733		872		127
	17		22			733		872		580
	17		23			733		872		603
	17		24			733		872		587
	17		25			733		872		433
	17		26			733		872		496
	17		27			733		872		443
	17		28			733		872		501
	17		29			733		872		635
	17		30			733		872		385
	17		31			733		872		466
	17		32			733		872		490
	17		33			733		872		430
	17		34			733		872		543
	17		35			733		872		377
	17		36			733		872		320
	17		37			733		872		263
	17		38			733		872		214
	17		39			733		872		312
	17		40			733		872		510
	17		41			733		872		260
	18		0			1010		776		409
	18		1			1010		776		458
	18		2			1010		776		318
	18		3			1010		776		245
	18		4			1010		776		447
	18		5			1010		776		140
	18		6			1010		776		161
	18		7			1010		776		212
	18		8			1010		776		411
	18		9			1010		776		146
	18		10			1010		776		181
	18		11			1010		776		271
	18		12			1010		776		344
	18		13			1010		776		158
	18		14			1010		776		493
	18		15			1010		776		177
	18		16			1010		776		229
	18		17			1010		776		293
	18		19			1010		776		134
	18		20			1010		776		416
	18		21			1010		776		217
	18		22			1010		776		644
	18		23			1010		776		317
	18		24			1010		776		733
	18		25			1010		776		615
	18		26			1010		776		491
	18		27			1010		776		365
	18		28			1010		776		285
	18		29			1010		776		389
	18		30			1010		776		678
	18		31			1010		776		741
	18		32			1010		776		737
	18		33			1010		776		532
	18		34			1010		776		750
	18		35			1010		776		611
	18		36			1010		776		601
	18		37			1010		776		545
	18		38			1010		776		388
	18		39			1010		776		307
	18		40			1010		776		247
	18		41			1010		776		237
	19		0			1142		802		539
	19		1			1142		802		592
	19		2			1142		802		437
	19		3			1142		802		379
	19		4			1142		802		570
	19		5			1142		802		264
	19		6			1142		802		218
	19		7			1142		802		293
	19		8			1142		802		516
	19		9			1142		802		177
	19		10			1142		802		112
	19		11			1142		802		343
	19		12			1142		802		478
	19		13			1142		802		283
	19		14			1142		802		625
	19		15			1142		802		110
	19		16			1142		802		207
	19		17			1142		802		414
	19		18			1142		802		134
	19		20			1142		802		467
	19		21			1142		802		316
	19		22			1142		802		760
	19		23			1142		802		246
	19		24			1142		802		861
	19		25			1142		802		748
	19		26			1142		802		596
	19		27			1142		802		458
	19		28			1142		802		317
	19		29			1142		802		375
	19		30			1142		802		798
	19		31			1142		802		872
	19		32			1142		802		871
	19		33			1142		802		657
	19		34			1142		802		884
	19		35			1142		802		746
	19		36			1142		802		730
	19		37			1142		802		652
	19		38			1142		802		464
	19		39			1142		802		329
	19		40			1142		802		115
	19		41			1142		802		362
	20		0			989		360		406
	20		1			989		360		520
	20		2			989		360		285
	20		3			989		360		402
	20		4			989		360		671
	20		5			989		360		478
	20		6			989		360		571
	20		7			989		360		209
	20		8			989		360		716
	20		9			989		360		291
	20		10			989		360		380
	20		11			989		360		656
	20		12			989		360		501
	20		13			989		360		328
	20		14			989		360		634
	20		15			989		360		567
	20		16			989		360		642
	20		17			989		360		572
	20		18			989		360		416
	20		19			989		360		467
	20		21			989		360		579
	20		22			989		360		435
	20		23			989		360		359
	20		24			989		360		613
	20		25			989		360		587
	20		26			989		360		265
	20		27			989		360		159
	20		28			989		360		153
	20		29			989		360		210
	20		30			989		360		883
	20		31			989		360		850
	20		32			989		360		783
	20		33			989		360		430
	20		34			989		360		721
	20		35			989		360		668
	20		36			989		360		758
	20		37			989		360		823
	20		38			989		360		754
	20		39			989		360		720
	20		40			989		360		559
	20		41			989		360		314
	21		0			850		923		394
	21		1			850		923		385
	21		2			850		923		374
	21		3			850		923		233
	21		4			850		923		273
	21		5			850		923		101
	21		6			850		923		116
	21		7			850		923		373
	21		8			850		923		200
	21		9			850		923		355
	21		10			850		923		395
	21		11			850		923		83
	21		12			850		923		255
	21		13			850		923		253
	21		14			850		923		360
	21		15			850		923		276
	21		16			850		923		232
	21		17			850		923		127
	21		18			850		923		217
	21		19			850		923		316
	21		20			850		923		579
	21		22			850		923		672
	21		23			850		923		533
	21		24			850		923		701
	21		25			850		923		553
	21		26			850		923		561
	21		27			850		923		478
	21		28			850		923		478
	21		29			850		923		598
	21		30			850		923		489
	21		31			850		923		589
	21		32			850		923		618
	21		33			850		923		529
	21		34			850		923		668
	21		35			850		923		504
	21		36			850		923		442
	21		37			850		923		336
	21		38			850		923		178
	21		39			850		923		195
	21		40			850		923		398
	21		41			850		923		296
	22		0			555		319		280
	22		1			555		319		344
	22		2			555		319		326
	22		3			555		319		442
	22		4			555		319		572
	22		5			555		319		601
	22		6			555		319		737
	22		7			555		319		479
	22		8			555		319		687
	22		9			555		319		604
	22		10			555		319		722
	22		11			555		319		752
	22		12			555		319		440
	22		13			555		319		486
	22		14			555		319		466
	22		15			555		319		822
	22		16			555		319		851
	22		17			555		319		580
	22		18			555		319		644
	22		19			555		319		760
	22		20			555		319		435
	22		21			555		319		672
	22		23			555		319		760
	22		24			555		319		197
	22		25			555		319		266
	22		26			555		319		178
	22		27			555		319		324
	22		28			555		319		537
	22		29			555		319		642
	22		30			555		319		693
	22		31			555		319		572
	22		32			555		319		462
	22		33			555		319		154
	22		34			555		319		349
	22		35			555		319		395
	22		36			555		319		552
	22		37			555		319		730
	22		38			555		319		794
	22		39			555		319		864
	22		40			555		319		873
	22		41			555		319		409
	23		0			1266		589		617
	23		1			1266		589		703
	23		2			1266		589		486
	23		3			1266		589		502
	23		4			1266		589		751
	23		5			1266		589		453
	23		6			1266		589		454
	23		7			1266		589		301
	23		8			1266		589		727
	23		9			1266		589		205
	23		10			1266		589		140
	23		11			1266		589		577
	23		12			1266		589		618
	23		13			1266		589		386
	23		14			1266		589		773
	23		15			1266		589		351
	23		16			1266		589		452
	23		17			1266		589		603
	23		18			1266		589		317
	23		19			1266		589		246
	23		20			1266		589		359
	23		21			1266		589		533
	23		22			1266		589		760
	23		24			1266		589		907
	23		25			1266		589		831
	23		26			1266		589		582
	23		27			1266		589		436
	23		28			1266		589		223
	23		29			1266		589		178
	23		30			1266		589		984
	23		31			1266		589		1021
	23		32			1266		589		993
	23		33			1266		589		702
	23		34			1266		589		972
	23		35			1266		589		866
	23		36			1266		589		892
	23		37			1266		589		861
	23		38			1266		589		698
	23		39			1266		589		575
	23		40			1266		589		269
	23		41			1266		589		443
	24		0			377		405		325
	24		1			377		405		319
	24		2			377		405		430
	24		3			377		405		497
	24		4			377		405		525
	24		5			377		405		655
	24		6			377		405		789
	24		7			377		405		610
	24		8			377		405		658
	24		9			377		405		729
	24		10			377		405		845
	24		11			377		405		773
	24		12			377		405		446
	24		13			377		405		577
	24		14			377		405		404
	24		15			377		405		903
	24		16			377		405		911
	24		17			377		405		587
	24		18			377		405		733
	24		19			377		405		861
	24		20			377		405		613
	24		21			377		405		701
	24		22			377		405		197
	24		23			377		405		907
	24		25			377		405		162
	24		26			377		405		348
	24		27			377		405		478
	24		28			377		405		691
	24		29			377		405		811
	24		30			377		405		581
	24		31			377		405		423
	24		32			377		405		300
	24		33			377		405		207
	24		34			377		405		168
	24		35			377		405		281
	24		36			377		405		449
	24		37			377		405		663
	24		38			377		405		784
	24		39			377		405		895
	24		40			377		405		977
	24		41			377		405		499
	25		0			435		557		215
	25		1			435		557		168
	25		2			435		557		346
	25		3			435		557		370
	25		4			435		557		363
	25		5			435		557		519
	25		6			435		557		649
	25		7			435		557		530
	25		8			435		557		496
	25		9			435		557		637
	25		10			435		557		749
	25		11			435		557		620
	25		12			435		557		298
	25		13			435		557		468
	25		14			435		557		241
	25		15			435		557		776
	25		16			435		557		772
	25		17			435		557		433
	25		18			435		557		615
	25		19			435		557		748
	25		20			435		557		587
	25		21			435		557		553
	25		22			435		557		266
	25		23			435		557		831
	25		24			435		557		162
	25		26			435		557		341
	25		27			435		557		433
	25		28			435		557		631
	25		29			435		557		763
	25		30			435		557		434
	25		31			435		557		306
	25		32			435		557		205
	25		33			435		557		162
	25		34			435		557		141
	25		35			435		557		131
	25		36			435		557		296
	25		37			435		557		502
	25		38			435		557		624
	25		39			435		557		745
	25		40			435		557		862
	25		41			435		557		395
	26		0			724		376		220
	26		1			724		376		327
	26		2			724		376		187
	26		3			724		376		330
	26		4			724		376		535
	26		5			724		376		475
	26		6			724		376		605
	26		7			724		376		308
	26		8			724		376		624
	26		9			724		376		433
	26		10			724		376		549
	26		11			724		376		644
	26		12			724		376		373
	26		13			724		376		339
	26		14			724		376		457
	26		15			724		376		669
	26		16			724		376		710
	26		17			724		376		496
	26		18			724		376		491
	26		19			724		376		596
	26		20			724		376		265
	26		21			724		376		561
	26		22			724		376		178
	26		23			724		376		582
	26		24			724		376		348
	26		25			724		376		341
	26		27			724		376		147
	26		28			724		376		359
	26		29			724		376		467
	26		30			724		376		707
	26		31			724		376		631
	26		32			724		376		544
	26		33			724		376		178
	26		34			724		376		464
	26		35			724		376		444
	26		36			724		376		569
	26		37			724		376		698
	26		38			724		376		708
	26		39			724		376		744
	26		40			724		376		708
	26		41			724		376		271
	27		0			854		445		247
	27		1			854		445		361
	27		2			854		445		132
	27		3			854		445		268
	27		4			854		445		524
	27		5			854		445		381
	27		6			854		445		498
	27		7			854		445		165
	27		8			854		445		584
	27		9			854		445		289
	27		10			854		445		403
	27		11			854		445		560
	27		12			854		445		353
	27		13			854		445		230
	27		14			854		445		478
	27		15			854		445		539
	27		16			854		445		592
	27		17			854		445		443
	27		18			854		445		365
	27		19			854		445		458
	27		20			854		445		159
	27		21			854		445		478
	27		22			854		445		324
	27		23			854		445		436
	27		24			854		445		478
	27		25			854		445		433
	27		26			854		445		147
	27		28			854		445		214
	27		29			854		445		334
	27		30			854		445		729
	27		31			854		445		691
	27		32			854		445		625
	27		33			854		445		282
	27		34			854		445		570
	27		35			854		445		509
	27		36			854		445		600
	27		37			854		445		681
	27		38			854		445		643
	27		39			854		445		644
	27		40			854		445		567
	27		41			854		445		185
	28		0			1063		495		423
	28		1			1063		495		524
	28		2			1063		495		288
	28		3			1063		495		353
	28		4			1063		495		626
	28		5			1063		495		378
	28		6			1063		495		446
	28		7			1063		495		122
	28		8			1063		495		642
	28		9			1063		495		146
	28		10			1063		495		226
	28		11			1063		495		547
	28		12			1063		495		468
	28		13			1063		495		248
	28		14			1063		495		617
	28		15			1063		495		420
	28		16			1063		495		502
	28		17			1063		495		501
	28		18			1063		495		285
	28		19			1063		495		317
	28		20			1063		495		153
	28		21			1063		495		478
	28		22			1063		495		537
	28		23			1063		495		223
	28		24			1063		495		691
	28		25			1063		495		631
	28		26			1063		495		359
	28		27			1063		495		214
	28		29			1063		495		141
	28		30			1063		495		853
	28		31			1063		495		855
	28		32			1063		495		808
	28		33			1063		495		490
	28		34			1063		495		771
	28		35			1063		495		684
	28		36			1063		495		742
	28		37			1063		495		763
	28		38			1063		495		656
	28		39			1063		495		592
	28		40			1063		495		405
	28		41			1063		495		273
	29		0			1188		429		560
	29		1			1188		429		664
	29		2			1188		429		426
	29		3			1188		429		494
	29		4			1188		429		765
	29		5			1188		429		503
	29		6			1188		429		548
	29		7			1188		429		262
	29		8			1188		429		773
	29		9			1188		429		244
	29		10			1188		429		265
	29		11			1188		429		660
	29		12			1188		429		609
	29		13			1188		429		385
	29		14			1188		429		759
	29		15			1188		429		485
	29		16			1188		429		580
	29		17			1188		429		635
	29		18			1188		429		389
	29		19			1188		429		375
	29		20			1188		429		210
	29		21			1188		429		598
	29		22			1188		429		642
	29		23			1188		429		178
	29		24			1188		429		811
	29		25			1188		429		763
	29		26			1188		429		467
	29		27			1188		429		334
	29		28			1188		429		141
	29		30			1188		429		993
	29		31			1188		429		995
	29		32			1188		429		946
	29		33			1188		429		616
	29		34			1188		429		902
	29		35			1188		429		823
	29		36			1188		429		883
	29		37			1188		429		898
	29		38			1188		429		775
	29		39			1188		429		687
	29		40			1188		429		432
	29		41			1188		429		414
	30		0			365		986		493
	30		1			365		986		380
	30		2			365		986		599
	30		3			365		986		499
	30		4			365		986		233
	30		5			365		986		538
	30		6			365		986		603
	30		7			365		986		731
	30		8			365		986		299
	30		9			365		986		782
	30		10			365		986		858
	30		11			365		986		500
	30		12			365		986		386
	30		13			365		986		610
	30		14			365		986		252
	30		15			365		986		764
	30		16			365		986		705
	30		17			365		986		385
	30		18			365		986		678
	30		19			365		986		798
	30		20			365		986		883
	30		21			365		986		489
	30		22			365		986		693
	30		23			365		986		984
	30		24			365		986		581
	30		25			365		986		434
	30		26			365		986		707
	30		27			365		986		729
	30		28			365		986		853
	30		29			365		986		993
	30		31			365		986		195
	30		32			365		986		309
	30		33			365		986		554
	30		34			365		986		439
	30		35			365		986		303
	30		36			365		986		141
	30		37			365		986		184
	30		38			365		986		418
	30		39			365		986		608
	30		40			365		986		887
	30		41			365		986		582
	31		0			270		815		444
	31		1			270		815		332
	31		2			270		815		573
	31		3			270		815		518
	31		4			270		815		317
	31		5			270		815		609
	31		6			270		815		705
	31		7			270		815		737
	31		8			270		815		434
	31		9			270		815		815
	31		10			270		815		910
	31		11			270		815		624
	31		12			270		815		403
	31		13			270		815		635
	31		14			270		815		248
	31		15			270		815		861
	31		16			270		815		820
	31		17			270		815		466
	31		18			270		815		741
	31		19			270		815		872
	31		20			270		815		850
	31		21			270		815		589
	31		22			270		815		572
	31		23			270		815		1021
	31		24			270		815		423
	31		25			270		815		306
	31		26			270		815		631
	31		27			270		815		691
	31		28			270		815		855
	31		29			270		815		995
	31		30			270		815		195
	31		32			270		815		126
	31		33			270		815		457
	31		34			270		815		264
	31		35			270		815		187
	31		36			270		815		147
	31		37			270		815		355
	31		38			270		815		569
	31		39			270		815		744
	31		40			270		815		973
	31		41			270		815		584
	32		0			278		689		385
	32		1			278		689		289
	32		2			278		689		520
	32		3			278		689		498
	32		4			278		689		361
	32		5			278		689		616
	32		6			278		689		729
	32		7			278		689		697
	32		8			278		689		494
	32		9			278		689		790
	32		10			278		689		894
	32		11			278		689		666
	32		12			278		689		393
	32		13			278		689		611
	32		14			278		689		257
	32		15			278		689		876
	32		16			278		689		849
	32		17			278		689		490
	32		18			278		689		737
	32		19			278		689		871
	32		20			278		689		783
	32		21			278		689		618
	32		22			278		689		462
	32		23			278		689		993
	32		24			278		689		300
	32		25			278		689		205
	32		26			278		689		544
	32		27			278		689		625
	32		28			278		689		808
	32		29			278		689		946
	32		30			278		689		309
	32		31			278		689		126
	32		33			278		689		366
	32		34			278		689		137
	32		35			278		689		127
	32		36			278		689		212
	32		37			278		689		444
	32		38			278		689		631
	32		39			278		689		791
	32		40			278		689		979
	32		41			278		689		549
	33		0			573		472		134
	33		1			573		472		191
	33		2			573		472		223
	33		3			573		472		306
	33		4			573		472		419
	33		5			573		472		467
	33		6			573		472		604
	33		7			573		472		403
	33		8			573		472		533
	33		9			573		472		522
	33		10			573		472		638
	33		11			573		472		607
	33		12			573		472		288
	33		13			573		472		374
	33		14			573		472		316
	33		15			573		472		706
	33		16			573		472		722
	33		17			573		472		430
	33		18			573		472		532
	33		19			573		472		657
	33		20			573		472		430
	33		21			573		472		529
	33		22			573		472		154
	33		23			573		472		702
	33		24			573		472		207
	33		25			573		472		162
	33		26			573		472		178
	33		27			573		472		282
	33		28			573		472		490
	33		29			573		472		616
	33		30			573		472		554
	33		31			573		472		457
	33		32			573		472		366
	33		34			573		472		290
	33		35			573		472		271
	33		36			573		472		413
	33		37			573		472		578
	33		38			573		472		642
	33		39			573		472		723
	33		40			573		472		773
	33		41			573		472		295
	34		0			294		552		356
	34		1			294		552		293
	34		2			294		552		487
	34		3			294		552		504
	34		4			294		552		442
	34		5			294		552		645
	34		6			294		552		771
	34		7			294		552		671
	34		8			294		552		579
	34		9			294		552		778
	34		10			294		552		889
	34		11			294		552		728
	34		12			294		552		419
	34		13			294		552		607
	34		14			294		552		321
	34		15			294		552		906
	34		16			294		552		894
	34		17			294		552		543
	34		18			294		552		750
	34		19			294		552		884
	34		20			294		552		721
	34		21			294		552		668
	34		22			294		552		349
	34		23			294		552		972
	34		24			294		552		168
	34		25			294		552		141
	34		26			294		552		464
	34		27			294		552		570
	34		28			294		552		771
	34		29			294		552		902
	34		30			294		552		439
	34		31			294		552		264
	34		32			294		552		137
	34		33			294		552		290
	34		35			294		552		173
	34		36			294		552		323
	34		37			294		552		553
	34		38			294		552		714
	34		39			294		552		854
	34		40			294		552		997
	34		41			294		552		535
	35		0			405		685		264
	35		1			405		685		162
	35		2			405		685		397
	35		3			405		685		371
	35		4			405		685		269
	35		5			405		685		494
	35		6			405		685		612
	35		7			405		685		572
	35		8			405		685		406
	35		9			405		685		663
	35		10			405		685		767
	35		11			405		685		560
	35		12			405		685		268
	35		13			405		685		484
	35		14			405		685		149
	35		15			405		685		755
	35		16			405		685		734
	35		17			405		685		377
	35		18			405		685		611
	35		19			405		685		746
	35		20			405		685		668
	35		21			405		685		504
	35		22			405		685		395
	35		23			405		685		866
	35		24			405		685		281
	35		25			405		685		131
	35		26			405		685		444
	35		27			405		685		509
	35		28			405		685		684
	35		29			405		685		823
	35		30			405		685		303
	35		31			405		685		187
	35		32			405		685		127
	35		33			405		685		271
	35		34			405		685		173
	35		36			405		685		168
	35		37			405		685		387
	35		38			405		685		541
	35		39			405		685		686
	35		40			405		685		855
	35		41			405		685		422
	36		0			413		853		358
	36		1			413		853		243
	36		2			413		853		473
	36		3			413		853		393
	36		4			413		853		169
	36		5			413		853		466
	36		6			413		853		558
	36		7			413		853		621
	36		8			413		853		289
	36		9			413		853		687
	36		10			413		853		775
	36		11			413		853		476
	36		12			413		853		276
	36		13			413		853		508
	36		14			413		853		124
	36		15			413		853		715
	36		16			413		853		672
	36		17			413		853		320
	36		18			413		853		601
	36		19			413		853		730
	36		20			413		853		758
	36		21			413		853		442
	36		22			413		853		552
	36		23			413		853		892
	36		24			413		853		449
	36		25			413		853		296
	36		26			413		853		569
	36		27			413		853		600
	36		28			413		853		742
	36		29			413		853		883
	36		30			413		853		141
	36		31			413		853		147
	36		32			413		853		212
	36		33			413		853		413
	36		34			413		853		323
	36		35			413		853		168
	36		37			413		853		232
	36		38			413		853		426
	36		39			413		853		597
	36		40			413		853		830
	36		41			413		853		468
	37		0			538		1049		479
	37		1			538		1049		387
	37		2			538		1049		550
	37		3			538		1049		420
	37		4			538		1049		162
	37		5			538		1049		407
	37		6			538		1049		443
	37		7			538		1049		643
	37		8			538		1049		135
	37		9			538		1049		668
	37		10			538		1049		726
	37		11			538		1049		329
	37		12			538		1049		330
	37		13			538		1049		514
	37		14			538		1049		265
	37		15			538		1049		603
	37		16			538		1049		534
	37		17			538		1049		263
	37		18			538		1049		545
	37		19			538		1049		652
	37		20			538		1049		823
	37		21			538		1049		336
	37		22			538		1049		730
	37		23			538		1049		861
	37		24			538		1049		663
	37		25			538		1049		502
	37		26			538		1049		698
	37		27			538		1049		681
	37		28			538		1049		763
	37		29			538		1049		898
	37		30			538		1049		184
	37		31			538		1049		355
	37		32			538		1049		444
	37		33			538		1049		578
	37		34			538		1049		553
	37		35			538		1049		387
	37		36			538		1049		232
	37		38			538		1049		236
	37		39			538		1049		429
	37		40			538		1049		730
	37		41			538		1049		508
	38		0			772		1083		514
	38		1			772		1083		467
	38		2			772		1083		528
	38		3			772		1083		381
	38		4			772		1083		272
	38		5			772		1083		278
	38		6			772		1083		246
	38		7			772		1083		549
	38		8			772		1083		137
	38		9			772		1083		531
	38		10			772		1083		557
	38		11			772		1083		121
	38		12			772		1083		353
	38		13			772		1083		426
	38		14			772		1083		392
	38		15			772		1083		393
	38		16			772		1083		310
	38		17			772		1083		214
	38		18			772		1083		388
	38		19			772		1083		464
	38		20			772		1083		754
	38		21			772		1083		178
	38		22			772		1083		794
	38		23			772		1083		698
	38		24			772		1083		784
	38		25			772		1083		624
	38		26			772		1083		708
	38		27			772		1083		643
	38		28			772		1083		656
	38		29			772		1083		775
	38		30			772		1083		418
	38		31			772		1083		569
	38		32			772		1083		631
	38		33			772		1083		642
	38		34			772		1083		714
	38		35			772		1083		541
	38		36			772		1083		426
	38		37			772		1083		236
	38		39			772		1083		194
	38		40			772		1083		521
	38		41			772		1083		457
	39		0			966		1080		589
	39		1			966		1080		577
	39		2			966		1080		556
	39		3			966		1080		423
	39		4			966		1080		431
	39		5			966		1080		268
	39		6			966		1080		149
	39		7			966		1080		512
	39		8			966		1080		312
	39		9			966		1080		450
	39		10			966		1080		437
	39		11			966		1080		125
	39		12			966		1080		449
	39		13			966		1080		414
	39		14			966		1080		537
	39		15			966		1080		232
	39		16			966		1080		133
	39		17			966		1080		312
	39		18			966		1080		307
	39		19			966		1080		329
	39		20			966		1080		720
	39		21			966		1080		195
	39		22			966		1080		864
	39		23			966		1080		575
	39		24			966		1080		895
	39		25			966		1080		745
	39		26			966		1080		744
	39		27			966		1080		644
	39		28			966		1080		592
	39		29			966		1080		687
	39		30			966		1080		608
	39		31			966		1080		744
	39		32			966		1080		791
	39		33			966		1080		723
	39		34			966		1080		854
	39		35			966		1080		686
	39		36			966		1080		597
	39		37			966		1080		429
	39		38			966		1080		194
	39		40			966		1080		354
	39		41			966		1080		473
	40		0			1243		858		654
	40		1			1243		858		704
	40		2			1243		858		552
	40		3			1243		858		492
	40		4			1243		858		665
	40		5			1243		858		365
	40		6			1243		858		286
	40		7			1243		858		401
	40		8			1243		858		595
	40		9			1243		858		279
	40		10			1243		858		178
	40		11			1243		858		405
	40		12			1243		858		586
	40		13			1243		858		399
	40		14			1243		858		729
	40		15			1243		858		128
	40		16			1243		858		221
	40		17			1243		858		510
	40		18			1243		858		247
	40		19			1243		858		115
	40		20			1243		858		559
	40		21			1243		858		398
	40		22			1243		858		873
	40		23			1243		858		269
	40		24			1243		858		977
	40		25			1243		858		862
	40		26			1243		858		708
	40		27			1243		858		567
	40		28			1243		858		405
	40		29			1243		858		432
	40		30			1243		858		887
	40		31			1243		858		973
	40		32			1243		858		979
	40		33			1243		858		773
	40		34			1243		858		997
	40		35			1243		858		855
	40		36			1243		858		830
	40		37			1243		858		730
	40		38			1243		858		521
	40		39			1243		858		354
	40		41			1243		858		477
	41		0			824		628		180
	41		1			824		628		260
	41		2			824		628		84
	41		3			824		628		88
	41		4			824		628		360
	41		5			824		628		205
	41		6			824		628		334
	41		7			824		628		153
	41		8			824		628		403
	41		9			824		628		243
	41		10			824		628		354
	41		11			824		628		379
	41		12			824		628		195
	41		13			824		628		79
	41		14			824		628		344
	41		15			824		628		413
	41		16			824		628		443
	41		17			824		628		260
	41		18			824		628		237
	41		19			824		628		362
	41		20			824		628		314
	41		21			824		628		296
	41		22			824		628		409
	41		23			824		628		443
	41		24			824		628		499
	41		25			824		628		395
	41		26			824		628		271
	41		27			824		628		185
	41		28			824		628		273
	41		29			824		628		414
	41		30			824		628		582
	41		31			824		628		584
	41		32			824		628		549
	41		33			824		628		295
	41		34			824		628		535
	41		35			824		628		422
	41		36			824		628		468
	41		37			824		628		508
	41		38			824		628		457
	41		39			824		628		473
	41		40			824		628		477
